30 30
3 4 14
3 2 10
2 2 4 1
1 1 5 1
2 8 1 2
2 3 6 2 4
2 3 5 4 3
1 4 4 6 2 2
1 3 9 2 3 3 1
1 6 3 2 10
7 5 14
10 3 13
1 4 19 2
2 4 7 6 2
2 1 1 1 2 1 11 1
3 1 2 5 1 4 1
3 1 2 2 2 1 3 1
3 5 1 1 1 2 2 1
1 3 1 3 1
1 1 1 1 3 3 1
6 2 3 2 3 2
1 5 2 1 7
2 3 2 11
3 4 2 7 4
4 1 4 9 4
4 1 3 12 4
6 1 13 1 2
6 2 1 13 4
5 4 1 8 4
4 2 1 4 9 4
2 10 3 7
3 3 2 3 1 8
4 6 4 10
8 3 2 6
10 1 2 3
1 3 4 10
2 1 4 3 1
2 3 5 3 4
1 5 4 1 2 2
1 11 1 2 2
1 8 2 1 1 5
4 3 1 2 1 2 2 1
4 1 5 1 1 4
3 2 3 1 1 1 3 1
2 2 5 1 1 1 3 1
1 2 2 2 2 1 3
1 10 1 1 4 1
1 4 9 1 6
1 4 8 3 7
1 5 2 2 8
2 6 1 1 9
2 8 2 2 8
3 7 3 8
4 7 2 1 5 3
3 8 1 6 3
3 9 5 1
2 1 3 13 3
2 3 4 5 5 3
2 4 3 10
3 4 17